dij	int_best_dij
0	0
1	0
2	0.588998871250281
3	0.861690365392905
4	1.03509163431139
5	1.16168999388114
6	1.26111631682321
7	1.34234237261097
8	1.41068465020895
9	1.46994666063288
10	1.52188880936855
11	1.56821219373361
12	1.61000341116163
13	1.6477498157397
14	1.68238998611878
15	1.71453644618998
16	1.74354781760516
17	1.77118674049013
18	1.7971313557128
19	1.82102054117969
20	1.84340529393586
21	1.86499632746536
22	1.88563188133742
23	1.90514343516242
24	1.92336467541081
25	1.94011194666458
26	1.95750816319158
27	1.97321239263633
28	1.98826014314407
29	2.00383300510684
30	2.01736003876275
31	2.0313171078073
32	2.04434990844058
33	2.05637806293505
34	2.06874072980891
35	2.08146469530099
36	2.09304196965446
37	2.10339320799457
38	2.11400373648946
39	2.12486271339689
40	2.13436550711758
41	2.14575623751395
42	2.15401128033334
43	2.16417175346185
44	2.17278827940477
45	2.1815891676138
46	2.19056420002796
47	2.19974166061038
48	2.20717890557181
49	2.21475937991464
50	2.22247304112982
51	2.23033873237879
52	2.23833686067419
53	2.24649595690586
54	2.25268924723151
55	2.26113065351429
56	2.26753785071252
57	2.27404669752407
58	2.28066659478179
59	2.28737808186953
60	2.29420984716186
61	2.30115208766821
62	2.3058066925919
63	2.31294989017431
64	2.3177469159811
65	2.32509049109021
66	2.33002938074836
67	2.33502928056237
68	2.34009970982913
69	2.34785197171558
70	2.353072990783
71	2.35836424043043
72	2.36372563304816
73	2.36915708647405
74	2.37186292647828
75	2.37740513366704
76	2.38302682137224
77	2.38871828601691
78	2.39156735798843
79	2.39738832920961
80	2.40029891514041
81	2.40623952735278
82	2.41226893790753
83	2.41529074800257
84	2.41834300449177
85	2.42456091320102
86	2.42767408091853
87	2.434030401321
88	2.43722361505886
89	2.44044707013791
90	2.44369108149668
91	2.45031392709153
92	2.4536377116118
93	2.45700125786309
94	2.46038523438758
95	2.46379926438649
96	2.46724332140341
97	2.47071738020597
98	2.47422141672543
99	2.47776506218412
100	2.48132898676673
101	2.48493247839921
102	2.48856586294831
103	2.49223877741197
104	2.49594154851453
105	2.4996838158843
106	2.50345590694272
107	2.50726746380319
108	2.51110881444021
109	2.51499926216141
110	2.51891947746884
111	2.51888969370968
112	2.522859550786
113	2.52685913671153
114	2.53090776180226
115	2.53499575680206
116	2.53496862747756
117	2.53909648155049
118	2.54327333806419
119	2.54324762799364
120	2.54746427995145
121	2.55172991050643
122	2.5560445149329
123	2.55602054958747
124	2.56038454245997
125	2.56036136975007
126	2.56477471784473
127	2.56923700906918
128	2.56921497308384
129	2.57372657745538
130	2.57828711167298
131	2.57826613500418
132	2.58288561260744
133	2.58286529187764
134	2.58754369030939
135	2.58752399651415
136	2.59226129507867
137	2.59704750055152
138	2.59702871172931
139	2.60188346198985
140	2.60186523437132
141	2.60677884457628
142	2.60676115453575
143	2.61173360962865
144	2.6117164348411
145	2.61675739230561
146	2.61674071171269
147	2.6167242565332
148	2.62183395453162
149	2.62181796428577
150	2.62699613495967
151	2.62698059126142
152	2.6322272267988
153	2.63221211221356
154	2.63753687945787
155	2.63752217748935
156	2.63750766280704
157	2.64290109318547
158	2.64288696805945
159	2.64836818928401
160	2.64835443924157
161	2.64834085895274
162	2.65389071161622
163	2.65387748608117
164	2.65951512156697
165	2.65950223799825
166	2.65948950872377
167	2.66520542779621
168	2.66519302253586
169	2.66518076321974
170	2.6709943071072
171	2.67098235516759
172	2.67097054140069
173	2.67687202414895
174	2.67686050220915
175	2.6768491112005
176	2.68283852491453
177	2.68282741121854
178	2.68281642169792
179	2.68890343967002
180	2.68889271393185
181	2.68888210605895
182	2.6950764058398
183	2.69506604912213
184	2.69505580436897
185	2.69504566977445
186	2.70133770057781
187	2.70132780155968
188	2.70131800729307
189	2.70771731619892
190	2.70770774664774
191	2.70769827677939
192	2.70768890504439
193	2.71420529481322
194	2.71419613441621
195	2.71418706749264
196	2.71417809261906
197	2.72080187623111
198	2.72079310034321
199	2.72078441221419
200	2.72077581053421
201	2.72752635181693
202	2.72751793777722
203	2.72750960622811
204	2.72750135596239
205	2.73437865766821
206	2.7343705845547
207	2.73436258906728
208	2.73435467009171
209	2.74135873704785
210	2.74135098551377
211	2.74134330710737
212	2.74133570079869
213	2.74847622580685
214	2.7484687779585
215	2.74846139907171
216	2.74845408819309
217	2.74844684438676
218	2.75572392127782
219	2.75571682561649
220	2.75570979416929
221	2.75570282606846
222	2.75569592046181
223	2.76311924034611
224	2.7631124734817
225	2.76310576650105
226	2.76309911861273
227	2.76309252903922
228	2.77067178882148
229	2.77066532940162
230	2.77065892590748
231	2.77065257761588
232	2.77064628381604
233	2.77839118607197
234	2.77838501456539
235	2.77837889535971
236	2.7783728277929
237	2.77836681121404
238	2.77836084498312
239	2.78627147247067
240	2.78626561993435
241	2.7862598157661
242	2.78625405936878
243	2.78624835015504
244	2.79432465493133
245	2.79431905286509
246	2.79431349615972
247	2.79430798426648
248	2.79430251664548
249	2.79429709276545
250	2.79429171210358
251	2.8025629064974
252	2.80255762470827
253	2.80255238450803
254	2.8025471854074
255	2.80254202692474
256	2.80253690858592
257	2.81100295813604
258	2.81099793226694
259	2.81099294505836
260	2.81098799606594
261	2.81098308485209
262	2.81097821098587
263	2.81097337404288
264	2.81963435729449
265	2.81962960604685
266	2.81962489038908
267	2.81962020992278
268	2.8196155642555
269	2.81961095300056
270	2.81960637577702
271	2.82848170719136
272	2.82847720958249
273	2.82847274480289
274	2.82846831249441
275	2.82846391230411
276	2.82845954388414
277	2.82845520689165
278	2.83756431146451
279	2.83756004861377
280	2.83755581610361
281	2.83755161361125
282	2.83754744081849
283	2.83754329741159
284	2.83753918308123
285	2.83753509752241
286	2.84687805825385
287	2.84687404119315
288	2.84687005193219
289	2.84686609018336
290	2.84686215566305
291	2.84685824809151
292	2.84685436719281
293	2.84685051269479
294	2.84684668432895
295	2.85644297402455
296	2.85643920851361
297	2.85643546827457
298	2.85643175305384
299	2.85642806260126
300	2.85642439666995
301	2.85642075501633
302	2.85641713740003
303	2.85641354358384
304	2.86627290548793
305	2.86626936952328
306	2.86626585659423
307	2.86626236647641
308	2.86625889894835
309	2.86625545379143
310	2.86625203078987
311	2.86624862973062
312	2.86624525040339
313	2.87638713563459
314	2.87638380971659
315	2.8763805048487
316	2.87637722083171
317	2.87637395746892
318	2.87637071456609
319	2.87636749193139
320	2.87636428937542
321	2.8763611067111
322	2.87635794375368
323	2.88680184544838
324	2.88679873151689
325	2.88679563668927
326	2.88679256079027
327	2.88678950364674
328	2.88678646508767
329	2.88678344494412
330	2.88678044304916
331	2.88677745923791
332	2.88677449334745
333	2.88677154521681
334	2.89752726079857
335	2.8975243574367
336	2.89752147130546
337	2.89751860225193
338	2.89751575012497
339	2.89751291477522
340	2.89751009605509
341	2.8975072938187
342	2.89750450792189
343	2.89750173822215
344	2.89749898457863
345	2.90860539749991
346	2.90860268490601
347	2.90859998790174
348	2.90859730635308
349	2.90859464012755
350	2.90859198909419
351	2.90858935312352
352	2.90858673208753
353	2.90858412585965
354	2.90858153431474
355	2.90857895732908
356	2.90857639478031
357	2.90857384654746
358	2.92005050173012
359	2.92004799069044
360	2.92004549356234
361	2.92004301023053
362	2.92004054058098
363	2.92003808450094
364	2.92003564187887
365	2.92003321260446
366	2.92003079656861
367	2.92002839366338
368	2.92002600378203
369	2.92002362681896
370	2.92002126266971
371	2.93187796082868
372	2.93187563052173
373	2.93187331267631
374	2.93187100719273
375	2.93186871397236
376	2.93186643291762
377	2.93186416393195
378	2.93186190691982
379	2.9318596617867
380	2.93185742843906
381	2.93185520678434
382	2.93185299673094
383	2.93185079818824
384	2.93184861106655
385	2.94413400907705
386	2.94413185267759
387	2.94412970739358
388	2.94412757313932
389	2.94412544982994
390	2.94412333738149
391	2.94412123571083
392	2.9441191447357
393	2.94411706437465
394	2.94411499454708
395	2.94411293517318
396	2.94411088617396
397	2.94410884747122
398	2.94410681898754
399	2.94410480064628
400	2.94410279237156
401	2.95683646787473
402	2.95683448723663
403	2.95683251640368
404	2.95683055530323
405	2.95682860386337
406	2.9568266620129
407	2.95682472968131
408	2.95682280679876
409	2.95682089329614
410	2.95681898910496
411	2.95681709415743
412	2.9568152083864
413	2.95681333172537
414	2.9568114641085
415	2.95680960547055
416	2.95680775574693
417	2.9700383890555
418	2.97003656434076
419	2.97003474831513
420	2.9700329409167
421	2.97003114208415
422	2.97002935175671
423	2.97002756987421
424	2.97002579637704
425	2.97002403120615
426	2.97002227430303
427	2.97002052560975
428	2.97001878506888
429	2.97001705262355
430	2.97001532821741
431	2.97001361179463
432	2.97001190329991
433	2.97001020267842
434	2.97000850987589
435	2.98377513493369
436	2.9837734646037
437	2.98377180190079
438	2.98377014677284
439	2.9837684991682
440	2.98376685903569
441	2.98376522632459
442	2.98376360098465
443	2.98376198296606
444	2.98376037221946
445	2.98375876869594
446	2.98375717234702
447	2.98375558312467
448	2.98375400098125
449	2.98375242586958
450	2.98375085774288
451	2.9837492965548
452	2.98374774225938
453	2.98374619481108
454	2.98374465416475
455	2.99808632758922
456	2.99808480702217
457	2.99808329309516
458	2.99808178576479
459	2.99808028498802
460	2.99807879072221
461	2.99807730292509
462	2.99807582155473
463	2.9980743465696
464	2.99807287792848
465	2.99807141559055
466	2.99806995951531
467	2.99806850966261
468	2.99806706599265
469	2.99806562846596
470	2.99806419704343
471	2.99806277168624
472	2.99806135235593
473	2.99805993901436
474	2.99805853162371
475	2.99805713014645
476	2.99805573454542
477	3.01304067762365
478	3.01303929989705
479	3.01303792791097
480	3.01303656162963
481	3.01303520101749
482	3.01303384603937
483	3.01303249666032
484	3.01303115284573
485	3.01302981456124
486	3.01302848177278
487	3.01302715444657
488	3.0130258325491
489	3.01302451604712
490	3.01302320490768
491	3.01302189909808
492	3.01302059858588
493	3.01301930333891
494	3.01301801332526
495	3.01301672851327
496	3.01301544887156
497	3.01301417436897
498	3.01301290497461
499	3.01301164065783
500	3.01301038138821
501	3.02868743179289
502	3.0286861883878
503	3.02868494991686
504	3.02868371635075
505	3.0286824876604
506	3.02868126381696
507	3.02868004479179
508	3.02867883055651
509	3.02867762108293
510	3.02867641634311
511	3.0286752163093
512	3.02867402095399
513	3.02867283024986
514	3.02867164416983
515	3.02867046268701
516	3.02866928577472
517	3.02866811340649
518	3.02866694555606
519	3.02866578219736
520	3.02866462330454
521	3.02866346885191
522	3.02866231881401
523	3.02866117316558
524	3.02866003188152
525	3.02865889493694
526	3.02865776230714
527	3.04510494412759
528	3.04510382556143
529	3.04510271121627
530	3.04510160106827
531	3.04510049509376
532	3.04509939326924
533	3.04509829557141
534	3.04509720197713
535	3.04509611246342
536	3.04509502700748
537	3.0450939455867
538	3.04509286817862
539	3.04509179476093
540	3.04509072531152
541	3.04508965980841
542	3.04508859822981
543	3.04508754055407
544	3.04508648675971
545	3.0450854368254
546	3.04508439072998
547	3.04508334845242
548	3.04508230997186
549	3.0450812752676
550	3.04508024431907
551	3.04507921710586
552	3.04507819360771
553	3.0450771738045
554	3.04507615767625
555	3.04507514520314
556	3.06238026964988
557	3.06237926958588
558	3.06237827309992
559	3.06237728017283
560	3.0623762907856
561	3.06237530491932
562	3.06237432255522
563	3.06237334367469
564	3.06237236825922
565	3.06237139629045
566	3.06237042775014
567	3.06236946262018
568	3.06236850088259
569	3.06236754251953
570	3.06236658751325
571	3.06236563584615
572	3.06236468750076
573	3.0623637424597
574	3.06236280070574
575	3.06236186222176
576	3.06236092699076
577	3.06235999499585
578	3.06235906622027
579	3.06235814064737
580	3.0623572182606
581	3.06235629904354
582	3.06235538297989
583	3.06235447005344
584	3.06235356024811
585	3.06235265354791
586	3.06235174993699
587	3.06235084939957
588	3.06234995192
589	3.08062034726307
590	3.08061946065778
591	3.08061857704778
592	3.08061769641791
593	3.08061681875313
594	3.08061594403849
595	3.08061507225912
596	3.08061420340029
597	3.08061333744735
598	3.08061247438573
599	3.08061161420098
600	3.08061075687875
601	3.08060990240476
602	3.08060905076485
603	3.08060820194494
604	3.08060735593104
605	3.08060651270927
606	3.08060567226583
607	3.080604834587
608	3.08060399965917
609	3.08060316746881
610	3.08060233800247
611	3.08060151124681
612	3.08060068718856
613	3.08059986581453
614	3.08059904711164
615	3.08059823106688
616	3.08059741766732
617	3.08059660690012
618	3.08059579875253
619	3.08059499321186
620	3.08059419026552
621	3.08059338990101
622	3.08059259210589
623	3.0805917968678
624	3.08059100417447
625	3.08059021401371
626	3.0999235760066
627	3.09992279532991
628	3.09992201713549
629	3.09992124141154
630	3.0999204681463
631	3.0999196973281
632	3.09991892894534
633	3.09991816298651
634	3.09991739944014
635	3.09991663829487
636	3.09991587953937
637	3.09991512316242
638	3.09991436915285
639	3.09991361749955
640	3.09991286819151
641	3.09991212121776
642	3.09991137656741
643	3.09991063422964
644	3.0999098941937
645	3.09990915644888
646	3.09990842098458
647	3.09990768779023
648	3.09990695685533
649	3.09990622816947
650	3.09990550172227
651	3.09990477750344
652	3.09990405550274
653	3.09990333570999
654	3.09990261811508
655	3.09990190270796
656	3.09990118947864
657	3.09990047841719
658	3.09989976951374
659	3.09989906275848
660	3.09989835814167
661	3.09989765565361
662	3.09989695528466
663	3.09989625702527
664	3.0998955608659
665	3.0998948667971
666	3.09989417480946
667	3.12045635348606
668	3.12045566976126
669	3.12045498807743
670	3.12045430842544
671	3.12045363079622
672	3.12045295518076
673	3.1204522815701
674	3.12045160995531
675	3.12045094032756
676	3.12045027267802
677	3.12044960699796
678	3.12044894327865
679	3.12044828151147
680	3.1204476216878
681	3.1204469637991
682	3.12044630783686
683	3.12044565379264
684	3.12044500165805
685	3.12044435142471
686	3.12044370308435
687	3.12044305662869
688	3.12044241204954
689	3.12044176933873
690	3.12044112848816
691	3.12044048948975
692	3.1204398523355
693	3.12043921701742
694	3.1204385835276
695	3.12043795185816
696	3.12043732200125
697	3.12043669394909
698	3.12043606769393
699	3.12043544322807
700	3.12043482054385
701	3.12043419963366
702	3.12043358048993
703	3.12043296310514
704	3.12043234747179
705	3.12043173358244
706	3.12043112142969
707	3.12043051100619
708	3.12042990230462
709	3.12042929531771
710	3.1204286900382
711	3.12042808645893
712	3.12042748457272
713	3.12042688437247
714	3.12042628585109
715	3.14237357858178
716	3.14237298718779
717	3.14237239744113
718	3.14237180933493
719	3.14237122286236
720	3.14237063801663
721	3.14237005479096
722	3.14236947317864
723	3.14236889317299
724	3.14236831476736
725	3.14236773795512
726	3.14236716272972
727	3.1423665890846
728	3.14236601701328
729	3.14236544650927
730	3.14236487756614
731	3.14236431017751
732	3.142363744337
733	3.1423631800383
734	3.1423626172751
735	3.14236205604114
736	3.14236149633022
737	3.14236093813612
738	3.14236038145269
739	3.14235982627382
740	3.14235927259341
741	3.14235872040539
742	3.14235816970375
743	3.14235762048249
744	3.14235707273565
745	3.1423565264573
746	3.14235598164154
747	3.14235543828251
748	3.14235489637437
749	3.14235435591132
750	3.14235381688759
751	3.14235327929743
752	3.14235274313513
753	3.14235220839501
754	3.14235167507142
755	3.14235114315874
756	3.14235061265138
757	3.14235008354378
758	3.14234955583039
759	3.14234902950573
760	3.14234850456431
761	3.14234798100069
762	3.14234745880945
763	3.14234693798521
764	3.1423464185226
765	3.14234590041628
766	3.14234538366096
767	3.14234486825136
768	3.14234435418223
769	3.14234384144833
770	3.16590079757898
771	3.1659002909652
772	3.16589978566219
773	3.16589928166488
774	3.1658987789682
775	3.16589827756713
776	3.16589777745667
777	3.16589727863184
778	3.16589678108769
779	3.1658962848193
780	3.16589578982176
781	3.16589529609019
782	3.16589480361976
783	3.16589431240563
784	3.16589382244299
785	3.16589333372709
786	3.16589284625315
787	3.16589236001646
788	3.1658918750123
789	3.16589139123601
790	3.16589090868292
791	3.16589042734839
792	3.16588994722783
793	3.16588946831663
794	3.16588899061025
795	3.16588851410413
796	3.16588803879376
797	3.16588756467464
798	3.16588709174231
799	3.16588661999231
800	3.1658861494202
801	3.1658856800216
802	3.16588521179211
803	3.16588474472737
804	3.16588427882303
805	3.16588381407479
806	3.16588335047834
807	3.16588288802941
808	3.16588242672373
809	3.16588196655709
810	3.16588150752525
811	3.16588104962404
812	3.16588059284927
813	3.16588013719681
814	3.1658796826625
815	3.16587922924225
816	3.16587877693197
817	3.16587832572758
818	3.16587787562503
819	3.16587742662029
820	3.16587697870935
821	3.16587653188822
822	3.16587608615292
823	3.16587564149951
824	3.16587519792404
825	3.16587475542261
826	3.16587431399131
827	3.16587387362627
828	3.16587343432364
829	3.16587299607956
830	3.16587255889022
831	3.16587212275182
832	3.16587168766057
833	3.1658712536127
834	3.19130159223568
835	3.19130116341011
836	3.1913007356092
837	3.19130030882931
838	3.19129988306676
839	3.19129945831794
840	3.19129903457922
841	3.191298611847
842	3.19129819011771
843	3.19129776938778
844	3.19129734965366
845	3.19129693091181
846	3.19129651315874
847	3.19129609639092
848	3.1912956806049
849	3.19129526579719
850	3.19129485196436
851	3.19129443910296
852	3.19129402720959
853	3.19129361628083
854	3.19129320631332
855	3.19129279730367
856	3.19129238924853
857	3.19129198214458
858	3.19129157598848
859	3.19129117077693
860	3.19129076650663
861	3.19129036317432
862	3.19128996077673
863	3.19128955931062
864	3.19128915877275
865	3.19128875915991
866	3.1912883604689
867	3.19128796269654
868	3.19128756583964
869	3.19128716989506
870	3.19128677485965
871	3.19128638073029
872	3.19128598750386
873	3.19128559517725
874	3.1912852037474
875	3.19128481321122
876	3.19128442356566
877	3.19128403480767
878	3.19128364693424
879	3.19128325994233
880	3.19128287382895
881	3.19128248859111
882	3.19128210422583
883	3.19128172073016
884	3.19128133810115
885	3.19128095633586
886	3.19128057543137
887	3.19128019538478
888	3.19127981619318
889	3.1912794378537
890	3.19127906036346
891	3.19127868371962
892	3.19127830791932
893	3.19127793295974
894	3.19127755883806
895	3.19127718555147
896	3.19127681309718
897	3.19127644147241
898	3.1912760706744
899	3.19127570070038
900	3.19127533154761
901	3.19127496321336
902	3.19127459569491
903	3.19127422898955
904	3.1912738630946
905	3.19127349800736
906	3.19127313372516
907	3.19127277024535
908	3.19127240756527
909	3.19127204568229
910	3.21892739608789
911	3.21892703862486
912	3.21892668194489
913	3.2189263260454
914	3.21892597092383
915	3.21892561657764
916	3.21892526300428
917	3.21892491020124
918	3.21892455816599
919	3.21892420689604
920	3.21892385638889
921	3.21892350664206
922	3.21892315765307
923	3.21892280941948
924	3.21892246193882
925	3.21892211520866
926	3.21892176922657
927	3.21892142399013
928	3.21892107949693
929	3.21892073574458
930	3.21892039273069
931	3.21892005045287
932	3.21891970890878
933	3.21891936809604
934	3.21891902801231
935	3.21891868865526
936	3.21891835002255
937	3.21891801211188
938	3.21891767492093
939	3.2189173384474
940	3.21891700268902
941	3.2189166676435
942	3.21891633330858
943	3.21891599968199
944	3.21891566676149
945	3.21891533454484
946	3.21891500302981
947	3.21891467221418
948	3.21891434209573
949	3.21891401267228
950	3.21891368394161
951	3.21891335590156
952	3.21891302854994
953	3.21891270188459
954	3.21891237590336
955	3.2189120506041
956	3.21891172598467
957	3.21891140204295
958	3.2189110787768
959	3.21891075618413
960	3.21891043426282
961	3.21891011301079
962	3.21890979242596
963	3.21890947250623
964	3.21890915324955
965	3.21890883465386
966	3.2189085167171
967	3.21890819943724
968	3.21890788281224
969	3.21890756684007
970	3.21890725151872
971	3.21890693684618
972	3.21890662282045
973	3.21890630943953
974	3.21890599670145
975	3.21890568460423
976	3.21890537314589
977	3.21890506232449
978	3.21890475213806
979	3.21890444258466
980	3.21890413366236
981	3.21890382536923
982	3.21890351770336
983	3.21890321066281
984	3.2189029042457
985	3.21890259845013
986	3.2189022932742
987	3.21890198871604
988	3.21890168477377
989	3.21890138144553
990	3.21890107872945
991	3.21890077662368
992	3.21890047512639
993	3.21890017423573
994	3.21889987394987
995	3.218899574267
996	3.2188992751853
997	3.21889897670296
998	3.21889867881818
999	3.21889838152917
1000	3.21889808483415
1001	3.24921814147637
1002	3.24921784849197
1003	3.2492175560912
1004	3.24921726427232
1005	3.2492169730336
1006	3.2492166823733
1007	3.24921639228972
1008	3.24921610278112
1009	3.24921581384581
1010	3.24921552548209
1011	3.24921523768825
1012	3.24921495046261
1013	3.24921466380349
1014	3.24921437770922
1015	3.24921409217813
1016	3.24921380720855
1017	3.24921352279884
1018	3.24921323894733
1019	3.2492129556524
1020	3.24921267291241
1021	3.24921239072572
1022	3.24921210909072
1023	3.24921182800578
1024	3.24921154746931
1025	3.24921126747969
1026	3.24921098803532
1027	3.24921070913462
1028	3.24921043077601
1029	3.24921015295789
1030	3.24920987567871
1031	3.24920959893689
1032	3.24920932273087
1033	3.24920904705909
1034	3.24920877192002
1035	3.2492084973121
1036	3.2492082232338
1037	3.2492079496836
1038	3.24920767665995
1039	3.24920740416136
1040	3.24920713218629
1041	3.24920686073325
1042	3.24920658980073
1043	3.24920631938724
1044	3.24920604949129
1045	3.24920578011139
1046	3.24920551124607
1047	3.24920524289385
1048	3.24920497505326
1049	3.24920470772285
1050	3.24920444090115
1051	3.24920417458672
1052	3.2492039087781
1053	3.24920364347387
1054	3.24920337867259
1055	3.24920311437282
1056	3.24920285057315
1057	3.24920258727215
1058	3.24920232446841
1059	3.24920206216054
1060	3.24920180034711
1061	3.24920153902675
1062	3.24920127819805
1063	3.24920101785962
1064	3.2492007580101
1065	3.2492004986481
1066	3.24920023977225
1067	3.24919998138119
1068	3.24919972347355
1069	3.24919946604799
1070	3.24919920910314
1071	3.24919895263767
1072	3.24919869665023
1073	3.2491984411395
1074	3.24919818610413
1075	3.2491979315428
1076	3.2491976774542
1077	3.24919742383701
1078	3.24919717068991
1079	3.2491969180116
1080	3.24919666580078
1081	3.24919641405616
1082	3.24919616277644
1083	3.24919591196033
1084	3.24919566160656
1085	3.24919541171384
1086	3.24919516228091
1087	3.2491949133065
1088	3.24919466478934
1089	3.24919441672817
1090	3.24919416912175
1091	3.24919392196881
1092	3.24919367526812
1093	3.24919342901844
1094	3.24919318321854
1095	3.24919293786717
1096	3.24919269296311
1097	3.24919244850515
1098	3.24919220449206
1099	3.24919196092262
1100	3.24919171779564
1101	3.24919147510991
1102	3.24919123286422
1103	3.24919099105739
1104	3.24919074968821
1105	3.24919050875551
1106	3.2491902682581
1107	3.24919002819479
1108	3.24918978856443
1109	3.24918954936583
1110	3.24918931059783
1111	3.24918907225926
1112	3.28279916951035
1113	3.28279893425969
1114	3.28279869943099
1115	3.28279846502314
1116	3.282798231035
1117	3.28279799746544
1118	3.28279776431334
1119	3.28279753157758
1120	3.28279729925705
1121	3.28279706735064
1122	3.28279683585725
1123	3.28279660477576
1124	3.28279637410509
1125	3.28279614384413
1126	3.2827959139918
1127	3.282795684547
1128	3.28279545550867
1129	3.28279522687571
1130	3.28279499864706
1131	3.28279477082163
1132	3.28279454339837
1133	3.28279431637621
1134	3.28279408975408
1135	3.28279386353094
1136	3.28279363770573
1137	3.2827934122774
1138	3.28279318724491
1139	3.28279296260721
1140	3.28279273836326
1141	3.28279251451204
1142	3.28279229105251
1143	3.28279206798364
1144	3.28279184530441
1145	3.2827916230138
1146	3.2827914011108
1147	3.28279117959438
1148	3.28279095846355
1149	3.28279073771729
1150	3.2827905173546
1151	3.28279029737449
1152	3.28279007777596
1153	3.28278985855801
1154	3.28278963971967
1155	3.28278942125993
1156	3.28278920317783
1157	3.28278898547238
1158	3.28278876814261
1159	3.28278855118754
1160	3.28278833460621
1161	3.28278811839766
1162	3.28278790256092
1163	3.28278768709503
1164	3.28278747199904
1165	3.28278725727199
1166	3.28278704291295
1167	3.28278682892096
1168	3.28278661529508
1169	3.28278640203437
1170	3.2827861891379
1171	3.28278597660473
1172	3.28278576443394
1173	3.2827855526246
1174	3.28278534117578
1175	3.28278513008657
1176	3.28278491935605
1177	3.28278470898331
1178	3.28278449896744
1179	3.28278428930752
1180	3.28278408000266
1181	3.28278387105195
1182	3.2827836624545
1183	3.28278345420941
1184	3.28278324631579
1185	3.28278303877274
1186	3.28278283157939
1187	3.28278262473486
1188	3.28278241823825
1189	3.28278221208869
1190	3.28278200628531
1191	3.28278180082724
1192	3.28278159571361
1193	3.28278139094356
1194	3.28278118651621
1195	3.28278098243072
1196	3.28278077868622
1197	3.28278057528186
1198	3.2827803722168
1199	3.28278016949017
1200	3.28277996710114
1201	3.28277976504887
1202	3.28277956333251
1203	3.28277936195122
1204	3.28277916090418
1205	3.28277896019055
1206	3.2827787598095
1207	3.28277855976021
1208	3.28277836004185
1209	3.28277816065361
1210	3.28277796159466
1211	3.28277776286419
1212	3.28277756446139
1213	3.28277736638545
1214	3.28277716863556
1215	3.28277697121091
1216	3.28277677411071
1217	3.28277657733415
1218	3.28277638088045
1219	3.2827761847488
1220	3.28277598893841
1221	3.2827757934485
1222	3.28277559827828
1223	3.28277540342696
1224	3.28277520889377
1225	3.28277501467792
1226	3.28277482077865
1227	3.28277462719517
1228	3.28277443392671
1229	3.28277424097252
1230	3.28277404833182
1231	3.28277385600384
1232	3.28277366398783
1233	3.28277347228303
1234	3.28277328088869
1235	3.28277308980404
1236	3.28277289902835
1237	3.28277270856085
1238	3.2827725184008
1239	3.28277232854747
1240	3.2827721390001
1241	3.28277194975797
1242	3.28277176082032
1243	3.28277157218644
1244	3.28277138385558
1245	3.28277119582702
1246	3.28277100810002
1247	3.28277082067387
1248	3.28277063354785
1249	3.28277044672122
1250	3.28277026019328
1251	3.32051099523402
1252	3.32051081124503
1253	3.32051062754949
1254	3.32051044414668
1255	3.32051026103592
1256	3.32051007821651
1257	3.32050989568775
1258	3.32050971344894
1259	3.32050953149941
1260	3.32050934983845
1261	3.32050916846539
1262	3.32050898737953
1263	3.32050880658021
1264	3.32050862606673
1265	3.32050844583843
1266	3.32050826589462
1267	3.32050808623464
1268	3.3205079068578
1269	3.32050772776345
1270	3.32050754895092
1271	3.32050737041954
1272	3.32050719216864
1273	3.32050701419758
1274	3.32050683650569
1275	3.32050665909231
1276	3.32050648195679
1277	3.32050630509847
1278	3.32050612851672
1279	3.32050595221087
1280	3.32050577618029
1281	3.32050560042432
1282	3.32050542494233
1283	3.32050524973368
1284	3.32050507479773
1285	3.32050490013384
1286	3.32050472574137
1287	3.32050455161971
1288	3.3205043777682
1289	3.32050420418624
1290	3.32050403087318
1291	3.32050385782842
1292	3.32050368505131
1293	3.32050351254125
1294	3.32050334029762
1295	3.32050316831979
1296	3.32050299660715
1297	3.3205028251591
1298	3.32050265397501
1299	3.32050248305429
1300	3.32050231239632
1301	3.32050214200049
1302	3.32050197186621
1303	3.32050180199288
1304	3.32050163237988
1305	3.32050146302663
1306	3.32050129393252
1307	3.32050112509697
1308	3.32050095651939
1309	3.32050078819917
1310	3.32050062013573
1311	3.32050045232849
1312	3.32050028477685
1313	3.32050011748024
1314	3.32049995043808
1315	3.32049978364978
1316	3.32049961711476
1317	3.32049945083245
1318	3.32049928480228
1319	3.32049911902367
1320	3.32049895349604
1321	3.32049878821884
1322	3.32049862319149
1323	3.32049845841342
1324	3.32049829388408
1325	3.32049812960289
1326	3.32049796556931
1327	3.32049780178276
1328	3.32049763824269
1329	3.32049747494855
1330	3.32049731189978
1331	3.32049714909582
1332	3.32049698653614
1333	3.32049682422017
1334	3.32049666214737
1335	3.32049650031719
1336	3.3204963387291
1337	3.32049617738254
1338	3.32049601627697
1339	3.32049585541187
1340	3.32049569478668
1341	3.32049553440087
1342	3.32049537425391
1343	3.32049521434526
1344	3.3204950546744
1345	3.32049489524079
1346	3.3204947360439
1347	3.32049457708321
1348	3.32049441835819
1349	3.32049425986832
1350	3.32049410161308
1351	3.32049394359194
1352	3.32049378580438
1353	3.3204936282499
1354	3.32049347092797
1355	3.32049331383808
1356	3.32049315697971
1357	3.32049300035235
1358	3.3204928439555
1359	3.32049268778865
1360	3.32049253185128
1361	3.3204923761429
1362	3.320492220663
1363	3.32049206541107
1364	3.32049191038662
1365	3.32049175558914
1366	3.32049160101814
1367	3.32049144667312
1368	3.32049129255359
1369	3.32049113865905
1370	3.32049098498901
1371	3.32049083154297
1372	3.32049067832046
1373	3.32049052532098
1374	3.32049037254404
1375	3.32049021998917
1376	3.32049006765587
1377	3.32048991554366
1378	3.32048976365206
1379	3.3204896119806
1380	3.32048946052879
1381	3.32048930929616
1382	3.32048915828223
1383	3.32048900748653
1384	3.32048885690859
1385	3.32048870654793
1386	3.32048855640408
1387	3.32048840647658
1388	3.32048825676496
1389	3.32048810726875
1390	3.32048795798748
1391	3.32048780892071
1392	3.32048766006795
1393	3.32048751142876
1394	3.32048736300267
1395	3.32048721478922
1396	3.32048706678797
1397	3.32048691899844
1398	3.3204867714202
1399	3.32048662405278
1400	3.32048647689573
1401	3.32048632994861
1402	3.32048618321097
1403	3.32048603668235
1404	3.32048589036232
1405	3.32048574425042
1406	3.32048559834621
1407	3.32048545264926
1408	3.32048530715911
1409	3.32048516187533
1410	3.32048501679749
1411	3.32048487192513
1412	3.32048472725783
1413	3.32048458279516
1414	3.32048443853667
1415	3.32048429448193
1416	3.32048415063052
1417	3.32048400698201
1418	3.32048386353595
1419	3.32048372029194
1420	3.32048357724953
1421	3.32048343440831
1422	3.32048329176785
1423	3.32048314932773
1424	3.32048300708752
1425	3.32048286504681
1426	3.32048272320517
1427	3.3204825815622
1428	3.32048244011746
1429	3.36357589245706
1430	3.3635757530728
1431	3.36357561388322
1432	3.3635754748879
1433	3.36357533608644
1434	3.36357519747843
1435	3.36357505906346
1436	3.36357492084114
1437	3.36357478281106
1438	3.36357464497283
1439	3.36357450732603
1440	3.36357436987028
1441	3.36357423260518
1442	3.36357409553032
1443	3.36357395864532
1444	3.36357382194978
1445	3.36357368544331
1446	3.36357354912551
1447	3.363573412996
1448	3.36357327705438
1449	3.36357314130027
1450	3.36357300573327
1451	3.36357287035301
1452	3.36357273515909
1453	3.36357260015113
1454	3.36357246532875
1455	3.36357233069157
1456	3.3635721962392
1457	3.36357206197127
1458	3.36357192788738
1459	3.36357179398718
1460	3.36357166027028
1461	3.36357152673629
1462	3.36357139338486
1463	3.3635712602156
1464	3.36357112722814
1465	3.36357099442212
1466	3.36357086179714
1467	3.36357072935286
1468	3.3635705970889
1469	3.36357046500488
1470	3.36357033310046
1471	3.36357020137524
1472	3.36357006982889
1473	3.36356993846102
1474	3.36356980727127
1475	3.36356967625929
1476	3.36356954542472
1477	3.36356941476718
1478	3.36356928428633
1479	3.36356915398181
1480	3.36356902385325
1481	3.36356889390031
1482	3.36356876412262
1483	3.36356863451984
1484	3.3635685050916
1485	3.36356837583756
1486	3.36356824675737
1487	3.36356811785067
1488	3.36356798911712
1489	3.36356786055636
1490	3.36356773216805
1491	3.36356760395185
1492	3.3635674759074
1493	3.36356734803436
1494	3.36356722033239
1495	3.36356709280115
1496	3.36356696544028
1497	3.36356683824946
1498	3.36356671122834
1499	3.36356658437658
1500	3.36356645769385
1501	3.36356633117979
1502	3.36356620483409
1503	3.3635660786564
1504	3.36356595264639
1505	3.36356582680373
1506	3.36356570112807
1507	3.36356557561909
1508	3.36356545027646
1509	3.36356532509985
1510	3.36356520008892
1511	3.36356507524335
1512	3.36356495056281
1513	3.36356482604698
1514	3.36356470169552
1515	3.36356457750812
1516	3.36356445348444
1517	3.36356432962417
1518	3.36356420592698
1519	3.36356408239254
1520	3.36356395902055
1521	3.36356383581067
1522	3.3635637127626
1523	3.363563589876
1524	3.36356346715057
1525	3.36356334458598
1526	3.36356322218192
1527	3.36356309993808
1528	3.36356297785414
1529	3.36356285592978
1530	3.3635627341647
1531	3.36356261255858
1532	3.36356249111111
1533	3.36356236982198
1534	3.36356224869089
1535	3.36356212771751
1536	3.36356200690156
1537	3.36356188624271
1538	3.36356176574066
1539	3.3635616453951
1540	3.36356152520574
1541	3.36356140517227
1542	3.36356128529438
1543	3.36356116557177
1544	3.36356104600415
1545	3.3635609265912
1546	3.36356080733264
1547	3.36356068822815
1548	3.36356056927745
1549	3.36356045048023
1550	3.3635603318362
1551	3.36356021334506
1552	3.36356009500652
1553	3.36355997682028
1554	3.36355985878605
1555	3.36355974090353
1556	3.36355962317244
1557	3.36355950559247
1558	3.36355938816335
1559	3.36355927088478
1560	3.36355915375647
1561	3.36355903677813
1562	3.36355891994947
1563	3.36355880327021
1564	3.36355868674007
1565	3.36355857035874
1566	3.36355845412596
1567	3.36355833804144
1568	3.36355822210488
1569	3.36355810631602
1570	3.36355799067457
1571	3.36355787518024
1572	3.36355775983275
1573	3.36355764463184
1574	3.36355752957721
1575	3.36355741466859
1576	3.3635572999057
1577	3.36355718528826
1578	3.363557070816
1579	3.36355695648864
1580	3.36355684230591
1581	3.36355672826753
1582	3.36355661437323
1583	3.36355650062273
1584	3.36355638701577
1585	3.36355627355207
1586	3.36355616023137
1587	3.36355604705338
1588	3.36355593401785
1589	3.3635558211245
1590	3.36355570837306
1591	3.36355559576327
1592	3.36355548329486
1593	3.36355537096757
1594	3.36355525878113
1595	3.36355514673527
1596	3.36355503482973
1597	3.36355492306425
1598	3.36355481143856
1599	3.3635546999524
1600	3.36355458860552
1601	3.36355447739764
1602	3.36355436632852
1603	3.36355425539788
1604	3.36355414460548
1605	3.36355403395105
1606	3.36355392343433
1607	3.36355381305508
1608	3.36355370281302
1609	3.36355359270791
1610	3.3635534827395
1611	3.36355337290752
1612	3.36355326321172
1613	3.36355315365186
1614	3.36355304422767
1615	3.36355293493891
1616	3.36355282578532
1617	3.36355271676666
1618	3.36355260788267
1619	3.36355249913311
1620	3.36355239051772
1621	3.36355228203626
1622	3.36355217368848
1623	3.36355206547414
1624	3.36355195739298
1625	3.36355184944476
1626	3.36355174162924
1627	3.36355163394617
1628	3.3635515263953
1629	3.3635514189764
1630	3.36355131168922
1631	3.36355120453353
1632	3.36355109750907
1633	3.3635509906156
1634	3.3635508838529
1635	3.36355077722071
1636	3.36355067071879
1637	3.36355056434692
1638	3.36355045810485
1639	3.36355035199234
1640	3.36355024600915
1641	3.36355014015506
1642	3.36355003442982
1643	3.36354992883321
1644	3.36354982336497
1645	3.36354971802489
1646	3.36354961281273
1647	3.36354950772825
1648	3.36354940277122
1649	3.36354929794141
1650	3.36354919323859
1651	3.36354908866254
1652	3.36354898421301
1653	3.36354887988978
1654	3.36354877569262
1655	3.3635486716213
1656	3.36354856767559
1657	3.36354846385528
1658	3.36354836016012
1659	3.3635482565899
1660	3.36354815314438
1661	3.36354804982335
1662	3.36354794662658
1663	3.36354784355384
1664	3.36354774060491
1665	3.36354763777957
1666	3.3635475350776
1667	3.41388106913867
1668	3.41388096807774
1669	3.41388086713784
1670	3.41388076631875
1671	3.41388066562026
1672	3.41388056504215
1673	3.4138804645842
1674	3.41388036424621
1675	3.41388026402795
1676	3.41388016392921
1677	3.41388006394978
1678	3.41387996408944
1679	3.41387986434798
1680	3.4138797647252
1681	3.41387966522087
1682	3.41387956583478
1683	3.41387946656673
1684	3.41387936741651
1685	3.41387926838391
1686	3.41387916946871
1687	3.4138790706707
1688	3.41387897198969
1689	3.41387887342546
1690	3.41387877497781
1691	3.41387867664652
1692	3.4138785784314
1693	3.41387848033223
1694	3.41387838234882
1695	3.41387828448095
1696	3.41387818672842
1697	3.41387808909103
1698	3.41387799156858
1699	3.41387789416086
1700	3.41387779686767
1701	3.4138776996888
1702	3.41387760262407
1703	3.41387750567326
1704	3.41387740883617
1705	3.41387731211261
1706	3.41387721550237
1707	3.41387711900527
1708	3.41387702262109
1709	3.41387692634964
1710	3.41387683019072
1711	3.41387673414414
1712	3.4138766382097
1713	3.41387654238719
1714	3.41387644667644
1715	3.41387635107723
1716	3.41387625558939
1717	3.4138761602127
1718	3.41387606494698
1719	3.41387596979204
1720	3.41387587474767
1721	3.4138757798137
1722	3.41387568498992
1723	3.41387559027614
1724	3.41387549567218
1725	3.41387540117784
1726	3.41387530679294
1727	3.41387521251727
1728	3.41387511835066
1729	3.41387502429291
1730	3.41387493034383
1731	3.41387483650324
1732	3.41387474277095
1733	3.41387464914677
1734	3.41387455563051
1735	3.41387446222199
1736	3.41387436892103
1737	3.41387427572743
1738	3.41387418264101
1739	3.41387408966158
1740	3.41387399678897
1741	3.41387390402298
1742	3.41387381136344
1743	3.41387371881016
1744	3.41387362636296
1745	3.41387353402165
1746	3.41387344178606
1747	3.413873349656
1748	3.41387325763129
1749	3.41387316571176
1750	3.41387307389721
1751	3.41387298218748
1752	3.41387289058237
1753	3.41387279908172
1754	3.41387270768535
1755	3.41387261639307
1756	3.41387252520471
1757	3.41387243412009
1758	3.41387234313903
1759	3.41387225226136
1760	3.41387216148691
1761	3.41387207081548
1762	3.41387198024692
1763	3.41387188978105
1764	3.41387179941768
1765	3.41387170915665
1766	3.41387161899779
1767	3.41387152894091
1768	3.41387143898586
1769	3.41387134913244
1770	3.4138712593805
1771	3.41387116972986
1772	3.41387108018034
1773	3.41387099073179
1774	3.41387090138402
1775	3.41387081213687
1776	3.41387072299016
1777	3.41387063394373
1778	3.41387054499742
1779	3.41387045615104
1780	3.41387036740443
1781	3.41387027875742
1782	3.41387019020986
1783	3.41387010176155
1784	3.41387001341236
1785	3.41386992516209
1786	3.4138698370106
1787	3.41386974895771
1788	3.41386966100326
1789	3.41386957314708
1790	3.41386948538901
1791	3.41386939772888
1792	3.41386931016653
1793	3.4138692227018
1794	3.41386913533453
1795	3.41386904806454
1796	3.41386896089169
1797	3.4138688738158
1798	3.41386878683671
1799	3.41386869995427
1800	3.41386861316831
1801	3.41386852647868
1802	3.4138684398852
1803	3.41386835338773
1804	3.4138682669861
1805	3.41386818068015
1806	3.41386809446972
1807	3.41386800835466
1808	3.41386792233481
1809	3.41386783641001
1810	3.4138677505801
1811	3.41386766484492
1812	3.41386757920433
1813	3.41386749365815
1814	3.41386740820624
1815	3.41386732284844
1816	3.4138672375846
1817	3.41386715241455
1818	3.41386706733815
1819	3.41386698235524
1820	3.41386689746567
1821	3.41386681266928
1822	3.41386672796592
1823	3.41386664335543
1824	3.41386655883767
1825	3.41386647441248
1826	3.41386639007971
1827	3.41386630583921
1828	3.41386622169082
1829	3.41386613763441
1830	3.4138660536698
1831	3.41386596979686
1832	3.41386588601543
1833	3.41386580232537
1834	3.41386571872652
1835	3.41386563521874
1836	3.41386555180188
1837	3.41386546847579
1838	3.41386538524032
1839	3.41386530209532
1840	3.41386521904064
1841	3.41386513607615
1842	3.41386505320169
1843	3.41386497041711
1844	3.41386488772227
1845	3.41386480511703
1846	3.41386472260124
1847	3.41386464017474
1848	3.41386455783741
1849	3.41386447558909
1850	3.41386439342963
1851	3.41386431135891
1852	3.41386422937676
1853	3.41386414748305
1854	3.41386406567764
1855	3.41386398396038
1856	3.41386390233113
1857	3.41386382078975
1858	3.41386373933609
1859	3.41386365797002
1860	3.41386357669139
1861	3.41386349550006
1862	3.4138634143959
1863	3.41386333337876
1864	3.4138632524485
1865	3.41386317160498
1866	3.41386309084806
1867	3.41386301017761
1868	3.41386292959348
1869	3.41386284909554
1870	3.41386276868364
1871	3.41386268835766
1872	3.41386260811745
1873	3.41386252796287
1874	3.4138624478938
1875	3.41386236791008
1876	3.41386228801159
1877	3.41386220819819
1878	3.41386212846974
1879	3.41386204882611
1880	3.41386196926716
1881	3.41386188979275
1882	3.41386181040276
1883	3.41386173109705
1884	3.41386165187549
1885	3.41386157273793
1886	3.41386149368425
1887	3.41386141471431
1888	3.41386133582798
1889	3.41386125702513
1890	3.41386117830563
1891	3.41386109966934
1892	3.41386102111613
1893	3.41386094264587
1894	3.41386086425842
1895	3.41386078595367
1896	3.41386070773147
1897	3.4138606295917
1898	3.41386055153422
1899	3.41386047355891
1900	3.41386039566563
1901	3.41386031785426
1902	3.41386024012467
1903	3.41386016247673
1904	3.41386008491031
1905	3.41386000742528
1906	3.41385993002151
1907	3.41385985269888
1908	3.41385977545726
1909	3.41385969829652
1910	3.41385962121653
1911	3.41385954421717
1912	3.41385946729831
1913	3.41385939045983
1914	3.4138593137016
1915	3.41385923702349
1916	3.41385916042538
1917	3.41385908390714
1918	3.41385900746864
1919	3.41385893110978
1920	3.41385885483041
1921	3.41385877863041
1922	3.41385870250967
1923	3.41385862646806
1924	3.41385855050545
1925	3.41385847462172
1926	3.41385839881675
1927	3.41385832309041
1928	3.41385824744259
1929	3.41385817187316
1930	3.413858096382
1931	3.41385802096899
1932	3.413857945634
1933	3.41385787037692
1934	3.41385779519763
1935	3.413857720096
1936	3.41385764507191
1937	3.41385757012525
1938	3.41385749525589
1939	3.41385742046372
1940	3.41385734574861
1941	3.41385727111045
1942	3.41385719654912
1943	3.4138571220645
1944	3.41385704765647
1945	3.41385697332491
1946	3.4138568990697
1947	3.41385682489074
1948	3.41385675078789
1949	3.41385667676105
1950	3.41385660281009
1951	3.4138565289349
1952	3.41385645513537
1953	3.41385638141137
1954	3.41385630776279
1955	3.41385623418952
1956	3.41385616069143
1957	3.41385608726843
1958	3.41385601392038
1959	3.41385594064718
1960	3.4138558674487
1961	3.41385579432485
1962	3.41385572127549
1963	3.41385564830053
1964	3.41385557539984
1965	3.41385550257331
1966	3.41385542982082
1967	3.41385535714228
1968	3.41385528453756
1969	3.41385521200654
1970	3.41385513954913
1971	3.4138550671652
1972	3.41385499485465
1973	3.41385492261735
1974	3.41385485045322
1975	3.41385477836212
1976	3.41385470634395
1977	3.4138546343986
1978	3.41385456252596
1979	3.41385449072592
1980	3.41385441899836
1981	3.41385434734319
1982	3.41385427576028
1983	3.41385420424954
1984	3.41385413281084
1985	3.41385406144409
1986	3.41385399014917
1987	3.41385391892598
1988	3.41385384777441
1989	3.41385377669434
1990	3.41385370568567
1991	3.4138536347483
1992	3.41385356388212
1993	3.41385349308701
1994	3.41385342236288
1995	3.41385335170961
1996	3.41385328112711
1997	3.41385321061525
1998	3.41385314017395
1999	3.41385306980308
2000	3.41385299950255
2001	3.47457640660703
2002	3.47457633758194
2003	3.47457626862573
2004	3.47457619973831
2005	3.47457613091957
2006	3.4745760621694
2007	3.47457599348772
2008	3.4745759248744
2009	3.47457585632936
2010	3.47457578785249
2011	3.47457571944369
2012	3.47457565110286
2013	3.47457558282989
2014	3.47457551462468
2015	3.47457544648714
2016	3.47457537841716
2017	3.47457531041465
2018	3.4745752424795
2019	3.47457517461161
2020	3.47457510681088
2021	3.47457503907722
2022	3.47457497141052
2023	3.47457490381068
2024	3.47457483627761
2025	3.47457476881121
2026	3.47457470141137
2027	3.474574634078
2028	3.47457456681101
2029	3.47457449961028
2030	3.47457443247574
2031	3.47457436540726
2032	3.47457429840477
2033	3.47457423146817
2034	3.47457416459734
2035	3.47457409779221
2036	3.47457403105266
2037	3.47457396437862
2038	3.47457389776997
2039	3.47457383122662
2040	3.47457376474848
2041	3.47457369833545
2042	3.47457363198744
2043	3.47457356570434
2044	3.47457349948607
2045	3.47457343333253
2046	3.47457336724363
2047	3.47457330121926
2048	3.47457323525934
2049	3.47457316936377
2050	3.47457310353246
2051	3.47457303776531
2052	3.47457297206223
2053	3.47457290642313
2054	3.47457284084791
2055	3.47457277533647
2056	3.47457270988874
2057	3.4745726445046
2058	3.47457257918398
2059	3.47457251392678
2060	3.4745724487329
2061	3.47457238360225
2062	3.47457231853475
2063	3.4745722535303
2064	3.4745721885888
2065	3.47457212371017
2066	3.47457205889432
2067	3.47457199414115
2068	3.47457192945058
2069	3.47457186482251
2070	3.47457180025685
2071	3.47457173575351
2072	3.47457167131241
2073	3.47457160693344
2074	3.47457154261653
2075	3.47457147836158
2076	3.47457141416851
2077	3.47457135003721
2078	3.47457128596762
2079	3.47457122195962
2080	3.47457115801315
2081	3.4745710941281
2082	3.47457103030439
2083	3.47457096654193
2084	3.47457090284064
2085	3.47457083920042
2086	3.47457077562119
2087	3.47457071210285
2088	3.47457064864533
2089	3.47457058524854
2090	3.47457052191238
2091	3.47457045863677
2092	3.47457039542163
2093	3.47457033226687
2094	3.47457026917239
2095	3.47457020613812
2096	3.47457014316397
2097	3.47457008024985
2098	3.47457001739568
2099	3.47456995460137
2100	3.47456989186683
2101	3.47456982919199
2102	3.47456976657675
2103	3.47456970402103
2104	3.47456964152474
2105	3.47456957908781
2106	3.47456951671014
2107	3.47456945439166
2108	3.47456939213227
2109	3.4745693299319
2110	3.47456926779045
2111	3.47456920570785
2112	3.47456914368402
2113	3.47456908171886
2114	3.4745690198123
2115	3.47456895796425
2116	3.47456889617463
2117	3.47456883444336
2118	3.47456877277036
2119	3.47456871115553
2120	3.47456864959881
2121	3.4745685881001
2122	3.47456852665933
2123	3.47456846527641
2124	3.47456840395127
2125	3.47456834268381
2126	3.47456828147397
2127	3.47456822032165
2128	3.47456815922678
2129	3.47456809818928
2130	3.47456803720906
2131	3.47456797628604
2132	3.47456791542015
2133	3.47456785461131
2134	3.47456779385942
2135	3.47456773316443
2136	3.47456767252623
2137	3.47456761194476
2138	3.47456755141994
2139	3.47456749095167
2140	3.4745674305399
2141	3.47456737018453
2142	3.47456730988549
2143	3.4745672496427
2144	3.47456718945608
2145	3.47456712932555
2146	3.47456706925104
2147	3.47456700923246
2148	3.47456694926974
2149	3.4745668893628
2150	3.47456682951155
2151	3.47456676971594
2152	3.47456670997587
2153	3.47456665029126
2154	3.47456659066205
2155	3.47456653108816
2156	3.4745664715695
2157	3.474566412106
2158	3.47456635269759
2159	3.47456629334418
2160	3.47456623404571
2161	3.47456617480209
2162	3.47456611561325
2163	3.47456605647912
2164	3.47456599739961
2165	3.47456593837465
2166	3.47456587940417
2167	3.47456582048809
2168	3.47456576162634
2169	3.47456570281883
2170	3.4745656440655
2171	3.47456558536628
2172	3.47456552672107
2173	3.47456546812982
2174	3.47456540959245
2175	3.47456535110888
2176	3.47456529267904
2177	3.47456523430285
2178	3.47456517598024
2179	3.47456511771114
2180	3.47456505949548
2181	3.47456500133317
2182	3.47456494322415
2183	3.47456488516835
2184	3.47456482716568
2185	3.47456476921608
2186	3.47456471131948
2187	3.47456465347579
2188	3.47456459568496
2189	3.47456453794691
2190	3.47456448026155
2191	3.47456442262884
2192	3.47456436504868
2193	3.47456430752101
2194	3.47456425004576
2195	3.47456419262285
2196	3.47456413525222
2197	3.47456407793379
2198	3.47456402066749
2199	3.47456396345325
2200	3.474563906291
2201	3.47456384918067
2202	3.47456379212219
2203	3.47456373511548
2204	3.47456367816048
2205	3.47456362125712
2206	3.47456356440532
2207	3.47456350760502
2208	3.47456345085615
2209	3.47456339415863
2210	3.4745633375124
2211	3.47456328091739
2212	3.47456322437352
2213	3.47456316788074
2214	3.47456311143896
2215	3.47456305504812
2216	3.47456299870815
2217	3.47456294241899
2218	3.47456288618056
2219	3.4745628299928
2220	3.47456277385563
2221	3.47456271776899
2222	3.47456266173281
2223	3.47456260574702
2224	3.47456254981156
2225	3.47456249392635
2226	3.47456243809134
2227	3.47456238230644
2228	3.4745623265716
2229	3.47456227088674
2230	3.4745622152518
2231	3.47456215966672
2232	3.47456210413142
2233	3.47456204864584
2234	3.47456199320991
2235	3.47456193782357
2236	3.47456188248674
2237	3.47456182719936
2238	3.47456177196138
2239	3.47456171677271
2240	3.47456166163329
2241	3.47456160654306
2242	3.47456155150196
2243	3.47456149650991
2244	3.47456144156685
2245	3.47456138667272
2246	3.47456133182744
2247	3.47456127703096
2248	3.47456122228321
2249	3.47456116758413
2250	3.47456111293364
2251	3.47456105833169
2252	3.47456100377822
2253	3.47456094927314
2254	3.47456089481641
2255	3.47456084040796
2256	3.47456078604771
2257	3.47456073173562
2258	3.47456067747161
2259	3.47456062325563
2260	3.4745605690876
2261	3.47456051496746
2262	3.47456046089516
2263	3.47456040687062
2264	3.47456035289379
2265	3.4745602989646
2266	3.47456024508298
2267	3.47456019124888
2268	3.47456013746223
2269	3.47456008372297
2270	3.47456003003104
2271	3.47455997638637
2272	3.4745599227889
2273	3.47455986923857
2274	3.47455981573532
2275	3.47455976227909
2276	3.4745597088698
2277	3.47455965550741
2278	3.47455960219185
2279	3.47455954892306
2280	3.47455949570097
2281	3.47455944252553
2282	3.47455938939667
2283	3.47455933631434
2284	3.47455928327846
2285	3.47455923028899
2286	3.47455917734586
2287	3.474559124449
2288	3.47455907159837
2289	3.47455901879389
2290	3.47455896603551
2291	3.47455891332316
2292	3.47455886065679
2293	3.47455880803634
2294	3.47455875546175
2295	3.47455870293295
2296	3.47455865044989
2297	3.47455859801251
2298	3.47455854562074
2299	3.47455849327453
2300	3.47455844097383
2301	3.47455838871856
2302	3.47455833650867
2303	3.4745582843441
2304	3.47455823222479
2305	3.47455818015069
2306	3.47455812812173
2307	3.47455807613786
2308	3.47455802419901
2309	3.47455797230513
2310	3.47455792045617
2311	3.47455786865205
2312	3.47455781689273
2313	3.47455776517815
2314	3.47455771350824
2315	3.47455766188295
2316	3.47455761030223
2317	3.47455755876601
2318	3.47455750727423
2319	3.47455745582685
2320	3.4745574044238
2321	3.47455735306502
2322	3.47455730175046
2323	3.47455725048006
2324	3.47455719925376
2325	3.47455714807151
2326	3.47455709693326
2327	3.47455704583893
2328	3.47455699478848
2329	3.47455694378185
2330	3.47455689281899
2331	3.47455684189983
2332	3.47455679102432
2333	3.47455674019241
2334	3.47455668940404
2335	3.47455663865915
2336	3.47455658795769
2337	3.4745565372996
2338	3.47455648668482
2339	3.47455643611331
2340	3.474556385585
2341	3.47455633509984
2342	3.47455628465778
2343	3.47455623425875
2344	3.47455618390271
2345	3.4745561335896
2346	3.47455608331936
2347	3.47455603309194
2348	3.47455598290729
2349	3.47455593276535
2350	3.47455588266606
2351	3.47455583260938
2352	3.47455578259524
2353	3.47455573262359
2354	3.47455568269439
2355	3.47455563280757
2356	3.47455558296308
2357	3.47455553316086
2358	3.47455548340087
2359	3.47455543368305
2360	3.47455538400734
2361	3.4745553343737
2362	3.47455528478207
2363	3.47455523523239
2364	3.47455518572461
2365	3.47455513625869
2366	3.47455508683456
2367	3.47455503745217
2368	3.47455498811147
2369	3.47455493881242
2370	3.47455488955494
2371	3.474554840339
2372	3.47455479116454
2373	3.47455474203151
2374	3.47455469293985
2375	3.47455464388951
2376	3.47455459488045
2377	3.4745545459126
2378	3.47455449698592
2379	3.47455444810036
2380	3.47455439925586
2381	3.47455435045237
2382	3.47455430168984
2383	3.47455425296821
2384	3.47455420428745
2385	3.47455415564749
2386	3.47455410704828
2387	3.47455405848978
2388	3.47455400997193
2389	3.47455396149468
2390	3.47455391305798
2391	3.47455386466178
2392	3.47455381630602
2393	3.47455376799067
2394	3.47455371971566
2395	3.47455367148094
2396	3.47455362328647
2397	3.4745535751322
2398	3.47455352701808
2399	3.47455347894405
2400	3.47455343091006
2401	3.47455338291607
2402	3.47455333496202
2403	3.47455328704787
2404	3.47455323917356
2405	3.47455319133905
2406	3.47455314354429
2407	3.47455309578922
2408	3.4745530480738
2409	3.47455300039798
2410	3.47455295276171
2411	3.47455290516493
2412	3.47455285760761
2413	3.47455281008969
2414	3.47455276261112
2415	3.47455271517185
2416	3.47455266777184
2417	3.47455262041103
2418	3.47455257308938
2419	3.47455252580684
2420	3.47455247856337
2421	3.4745524313589
2422	3.47455238419339
2423	3.47455233706681
2424	3.47455228997908
2425	3.47455224293018
2426	3.47455219592005
2427	3.47455214894864
2428	3.47455210201591
2429	3.47455205512181
2430	3.47455200826628
2431	3.47455196144929
2432	3.47455191467079
2433	3.47455186793072
2434	3.47455182122904
2435	3.4745517745657
2436	3.47455172794066
2437	3.47455168135387
2438	3.47455163480528
2439	3.47455158829484
2440	3.47455154182252
2441	3.47455149538825
2442	3.474551448992
2443	3.47455140263371
2444	3.47455135631335
2445	3.47455131003086
2446	3.4745512637862
2447	3.47455121757931
2448	3.47455117141017
2449	3.47455112527871
2450	3.4745510791849
2451	3.47455103312868
2452	3.47455098711002
2453	3.47455094112886
2454	3.47455089518516
2455	3.47455084927887
2456	3.47455080340995
2457	3.47455075757835
2458	3.47455071178403
2459	3.47455066602694
2460	3.47455062030704
2461	3.47455057462427
2462	3.47455052897861
2463	3.47455048336999
2464	3.47455043779837
2465	3.47455039226372
2466	3.47455034676598
2467	3.47455030130511
2468	3.47455025588107
2469	3.47455021049381
2470	3.47455016514328
2471	3.47455011982945
2472	3.47455007455226
2473	3.47455002931167
2474	3.47454998410764
2475	3.47454993894013
2476	3.47454989380909
2477	3.47454984871447
2478	3.47454980365623
2479	3.47454975863433
2480	3.47454971364872
2481	3.47454966869936
2482	3.47454962378621
2483	3.47454957890922
2484	3.47454953406835
2485	3.47454948926355
2486	3.47454944449479
2487	3.47454939976201
2488	3.47454935506517
2489	3.47454931040424
2490	3.47454926577917
2491	3.47454922118991
2492	3.47454917663642
2493	3.47454913211866
2494	3.47454908763658
2495	3.47454904319015
2496	3.47454899877932
2497	3.47454895440404
2498	3.47454891006428
2499	3.47454886575999
2500	3.47454882149114
2501	3.55145532887534
2502	3.55145528556581
2503	3.55145524229088
2504	3.5514551990505
2505	3.55145515584463
2506	3.55145511267322
2507	3.55145506953625
2508	3.55145502643366
2509	3.55145498336541
2510	3.55145494033147
2511	3.55145489733179
2512	3.55145485436633
2513	3.55145481143505
2514	3.55145476853791
2515	3.55145472567488
2516	3.5514546828459
2517	3.55145464005094
2518	3.55145459728995
2519	3.55145455456291
2520	3.55145451186976
2521	3.55145446921047
2522	3.55145442658499
2523	3.55145438399329
2524	3.55145434143533
2525	3.55145429891106
2526	3.55145425642045
2527	3.55145421396345
2528	3.55145417154003
2529	3.55145412915015
2530	3.55145408679376
2531	3.55145404447083
2532	3.55145400218132
2533	3.55145395992518
2534	3.55145391770239
2535	3.55145387551289
2536	3.55145383335665
2537	3.55145379123363
2538	3.55145374914379
2539	3.5514537070871
2540	3.5514536650635
2541	3.55145362307297
2542	3.55145358111546
2543	3.55145353919094
2544	3.55145349729937
2545	3.5514534554407
2546	3.55145341361491
2547	3.55145337182194
2548	3.55145333006176
2549	3.55145328833434
2550	3.55145324663963
2551	3.5514532049776
2552	3.55145316334821
2553	3.55145312175141
2554	3.55145308018718
2555	3.55145303865547
2556	3.55145299715624
2557	3.55145295568946
2558	3.55145291425509
2559	3.55145287285309
2560	3.55145283148343
2561	3.55145279014605
2562	3.55145274884094
2563	3.55145270756804
2564	3.55145266632733
2565	3.55145262511876
2566	3.55145258394229
2567	3.5514525427979
2568	3.55145250168553
2569	3.55145246060516
2570	3.55145241955675
2571	3.55145237854025
2572	3.55145233755564
2573	3.55145229660288
2574	3.55145225568192
2575	3.55145221479273
2576	3.55145217393528
2577	3.55145213310952
2578	3.55145209231542
2579	3.55145205155295
2580	3.55145201082206
2581	3.55145197012273
2582	3.5514519294549
2583	3.55145188881856
2584	3.55145184821365
2585	3.55145180764015
2586	3.55145176709801
2587	3.55145172658721
2588	3.5514516861077
2589	3.55145164565944
2590	3.55145160524241
2591	3.55145156485657
2592	3.55145152450188
2593	3.5514514841783
2594	3.55145144388579
2595	3.55145140362433
2596	3.55145136339388
2597	3.55145132319439
2598	3.55145128302585
2599	3.5514512428882
2600	3.55145120278141
2601	3.55145116270545
2602	3.55145112266028
2603	3.55145108264587
2604	3.55145104266218
2605	3.55145100270918
2606	3.55145096278682
2607	3.55145092289509
2608	3.55145088303393
2609	3.55145084320332
2610	3.55145080340321
2611	3.55145076363359
2612	3.5514507238944
2613	3.55145068418561
2614	3.5514506445072
2615	3.55145060485912
2616	3.55145056524134
2617	3.55145052565383
2618	3.55145048609655
2619	3.55145044656947
2620	3.55145040707254
2621	3.55145036760575
2622	3.55145032816905
2623	3.5514502887624
2624	3.55145024938578
2625	3.55145021003915
2626	3.55145017072248
2627	3.55145013143572
2628	3.55145009217886
2629	3.55145005295184
2630	3.55145001375465
2631	3.55144997458724
2632	3.55144993544958
2633	3.55144989634164
2634	3.55144985726339
2635	3.55144981821478
2636	3.55144977919579
2637	3.55144974020638
2638	3.55144970124652
2639	3.55144966231617
2640	3.55144962341531
2641	3.55144958454389
2642	3.55144954570189
2643	3.55144950688927
2644	3.551449468106
2645	3.55144942935204
2646	3.55144939062737
2647	3.55144935193194
2648	3.55144931326573
2649	3.5514492746287
2650	3.55144923602082
2651	3.55144919744205
2652	3.55144915889237
2653	3.55144912037174
2654	3.55144908188012
2655	3.55144904341749
2656	3.55144900498381
2657	3.55144896657905
2658	3.55144892820318
2659	3.55144888985616
2660	3.55144885153797
2661	3.55144881324856
2662	3.55144877498791
2663	3.55144873675598
2664	3.55144869855275
2665	3.55144866037817
2666	3.55144862223222
2667	3.55144858411487
2668	3.55144854602608
2669	3.55144850796582
2670	3.55144846993406
2671	3.55144843193077
2672	3.55144839395591
2673	3.55144835600945
2674	3.55144831809137
2675	3.55144828020163
2676	3.55144824234019
2677	3.55144820450703
2678	3.55144816670211
2679	3.55144812892541
2680	3.55144809117688
2681	3.55144805345651
2682	3.55144801576425
2683	3.55144797810009
2684	3.55144794046397
2685	3.55144790285588
2686	3.55144786527578
2687	3.55144782772365
2688	3.55144779019944
2689	3.55144775270314
2690	3.5514477152347
2691	3.5514476777941
2692	3.5514476403813
2693	3.55144760299628
2694	3.551447565639
2695	3.55144752830944
2696	3.55144749100756
2697	3.55144745373333
2698	3.55144741648672
2699	3.5514473792677
2700	3.55144734207624
2701	3.55144730491231
2702	3.55144726777587
2703	3.55144723066691
2704	3.55144719358538
2705	3.55144715653126
2706	3.55144711950452
2707	3.55144708250512
2708	3.55144704553304
2709	3.55144700858824
2710	3.5514469716707
2711	3.55144693478038
2712	3.55144689791726
2713	3.55144686108131
2714	3.55144682427249
2715	3.55144678749077
2716	3.55144675073613
2717	3.55144671400854
2718	3.55144667730796
2719	3.55144664063437
2720	3.55144660398773
2721	3.55144656736802
2722	3.55144653077521
2723	3.55144649420926
2724	3.55144645767015
2725	3.55144642115785
2726	3.55144638467232
2727	3.55144634821355
2728	3.55144631178149
2729	3.55144627537613
2730	3.55144623899742
2731	3.55144620264535
2732	3.55144616631988
2733	3.55144613002098
2734	3.55144609374863
2735	3.55144605750279
2736	3.55144602128344
2737	3.55144598509054
2738	3.55144594892408
2739	3.55144591278401
2740	3.55144587667031
2741	3.55144584058295
2742	3.5514458045219
2743	3.55144576848714
2744	3.55144573247863
2745	3.55144569649635
2746	3.55144566054027
2747	3.55144562461035
2748	3.55144558870658
2749	3.55144555282892
2750	3.55144551697734
2751	3.55144548115181
2752	3.55144544535232
2753	3.55144540957882
2754	3.55144537383129
2755	3.5514453381097
2756	3.55144530241403
2757	3.55144526674424
2758	3.5514452311003
2759	3.5514451954822
2760	3.5514451598899
2761	3.55144512432337
2762	3.55144508878258
2763	3.55144505326752
2764	3.55144501777814
2765	3.55144498231442
2766	3.55144494687633
2767	3.55144491146386
2768	3.55144487607695
2769	3.5514448407156
2770	3.55144480537977
2771	3.55144477006944
2772	3.55144473478457
2773	3.55144469952515
2774	3.55144466429113
2775	3.5514446290825
2776	3.55144459389923
2777	3.55144455874129
2778	3.55144452360865
2779	3.55144448850128
2780	3.55144445341917
2781	3.55144441836227
2782	3.55144438333057
2783	3.55144434832403
2784	3.55144431334264
2785	3.55144427838635
2786	3.55144424345515
2787	3.55144420854901
2788	3.5514441736679
2789	3.5514441388118
2790	3.55144410398067
2791	3.55144406917449
2792	3.55144403439324
2793	3.55144399963688
2794	3.5514439649054
2795	3.55144393019876
2796	3.55144389551693
2797	3.5514438608599
2798	3.55144382622763
2799	3.55144379162009
2800	3.55144375703727
2801	3.55144372247913
2802	3.55144368794565
2803	3.55144365343681
2804	3.55144361895256
2805	3.5514435844929
2806	3.55144355005779
2807	3.5514435156472
2808	3.55144348126112
2809	3.55144344689951
2810	3.55144341256234
2811	3.5514433782496
2812	3.55144334396126
2813	3.55144330969728
2814	3.55144327545765
2815	3.55144324124234
2816	3.55144320705132
2817	3.55144317288456
2818	3.55144313874204
2819	3.55144310462374
2820	3.55144307052963
2821	3.55144303645968
2822	3.55144300241387
2823	3.55144296839217
2824	3.55144293439456
2825	3.55144290042101
2826	3.55144286647149
2827	3.55144283254598
2828	3.55144279864446
2829	3.55144276476689
2830	3.55144273091326
2831	3.55144269708354
2832	3.5514426632777
2833	3.55144262949571
2834	3.55144259573756
2835	3.55144256200321
2836	3.55144252829265
2837	3.55144249460584
2838	3.55144246094277
2839	3.5514424273034
2840	3.55144239368771
2841	3.55144236009568
2842	3.55144232652728
2843	3.55144229298249
2844	3.55144225946128
2845	3.55144222596362
2846	3.5514421924895
2847	3.55144215903888
2848	3.55144212561175
2849	3.55144209220807
2850	3.55144205882783
2851	3.55144202547099
2852	3.55144199213754
2853	3.55144195882745
2854	3.55144192554069
2855	3.55144189227724
2856	3.55144185903708
2857	3.55144182582018
2858	3.55144179262652
2859	3.55144175945607
2860	3.5514417263088
2861	3.5514416931847
2862	3.55144166008374
2863	3.5514416270059
2864	3.55144159395114
2865	3.55144156091946
2866	3.55144152791081
2867	3.55144149492518
2868	3.55144146196255
2869	3.55144142902289
2870	3.55144139610618
2871	3.55144136321238
2872	3.55144133034149
2873	3.55144129749347
2874	3.5514412646683
2875	3.55144123186596
2876	3.55144119908642
2877	3.55144116632967
2878	3.55144113359566
2879	3.55144110088439
2880	3.55144106819583
2881	3.55144103552995
2882	3.55144100288673
2883	3.55144097026615
2884	3.55144093766819
2885	3.55144090509281
2886	3.55144087254
2887	3.55144084000974
2888	3.55144080750199
2889	3.55144077501675
2890	3.55144074255397
2891	3.55144071011365
2892	3.55144067769575
2893	3.55144064530025
2894	3.55144061292714
2895	3.55144058057638
2896	3.55144054824796
2897	3.55144051594185
2898	3.55144048365802
2899	3.55144045139646
2900	3.55144041915714
2901	3.55144038694005
2902	3.55144035474514
2903	3.55144032257241
2904	3.55144029042183
2905	3.55144025829338
2906	3.55144022618703
2907	3.55144019410276
2908	3.55144016204055
2909	3.55144013000037
2910	3.55144009798221
2911	3.55144006598604
2912	3.55144003401184
2913	3.55144000205958
2914	3.55143997012925
2915	3.55143993822082
2916	3.55143990633426
2917	3.55143987446956
2918	3.55143984262669
2919	3.55143981080563
2920	3.55143977900636
2921	3.55143974722885
2922	3.55143971547309
2923	3.55143968373905
2924	3.5514396520267
2925	3.55143962033604
2926	3.55143958866702
2927	3.55143955701964
2928	3.55143952539387
2929	3.55143949378969
2930	3.55143946220707
2931	3.55143943064599
2932	3.55143939910644
2933	3.55143936758839
2934	3.55143933609181
2935	3.55143930461669
2936	3.551439273163
2937	3.55143924173072
2938	3.55143921031984
2939	3.55143917893032
2940	3.55143914756214
2941	3.5514391162153
2942	3.55143908488975
2943	3.55143905358549
2944	3.55143902230248
2945	3.55143899104071
2946	3.55143895980016
2947	3.5514389285808
2948	3.55143889738262
2949	3.55143886620559
2950	3.55143883504968
2951	3.55143880391489
2952	3.55143877280118
2953	3.55143874170854
2954	3.55143871063694
2955	3.55143867958636
2956	3.55143864855679
2957	3.55143861754819
2958	3.55143858656056
2959	3.55143855559386
2960	3.55143852464808
2961	3.55143849372319
2962	3.55143846281918
2963	3.55143843193602
2964	3.55143840107369
2965	3.55143837023218
2966	3.55143833941145
2967	3.55143830861149
2968	3.55143827783228
2969	3.5514382470738
2970	3.55143821633602
2971	3.55143818561893
2972	3.5514381549225
2973	3.55143812424671
2974	3.55143809359155
2975	3.55143806295698
2976	3.551438032343
2977	3.55143800174958
2978	3.5514379711767
2979	3.55143794062434
2980	3.55143791009247
2981	3.55143787958108
2982	3.55143784909015
2983	3.55143781861966
2984	3.55143778816958
2985	3.5514377577399
2986	3.55143772733059
2987	3.55143769694163
2988	3.55143766657301
2989	3.55143763622471
2990	3.55143760589669
2991	3.55143757558895
2992	3.55143754530146
2993	3.55143751503421
2994	3.55143748478716
2995	3.55143745456031
2996	3.55143742435363
2997	3.55143739416709
2998	3.55143736400069
2999	3.55143733385441
3000	3.55143730372821
3001	3.55143727362208
3002	3.55143724353601
3003	3.55143721346996
3004	3.55143718342392
3005	3.55143715339788
3006	3.55143712339181
3007	3.55143709340568
3008	3.55143706343949
3009	3.55143703349321
3010	3.55143700356682
3011	3.5514369736603
3012	3.55143694377364
3013	3.5514369139068
3014	3.55143688405978
3015	3.55143685423255
3016	3.55143682442509
3017	3.55143679463739
3018	3.55143676486942
3019	3.55143673512116
3020	3.5514367053926
3021	3.55143667568371
3022	3.55143664599448
3023	3.55143661632489
3024	3.55143658667491
3025	3.55143655704452
3026	3.55143652743372
3027	3.55143649784247
3028	3.55143646827076
3029	3.55143643871857
3030	3.55143640918588
3031	3.55143637967267
3032	3.55143635017892
3033	3.55143632070462
3034	3.55143629124973
3035	3.55143626181425
3036	3.55143623239816
3037	3.55143620300143
3038	3.55143617362405
3039	3.55143614426599
3040	3.55143611492724
3041	3.55143608560778
3042	3.5514360563076
3043	3.55143602702666
3044	3.55143599776495
3045	3.55143596852246
3046	3.55143593929916
3047	3.55143591009504
3048	3.55143588091008
3049	3.55143585174425
3050	3.55143582259754
3051	3.55143579346993
3052	3.5514357643614
3053	3.55143573527194
3054	3.55143570620152
3055	3.55143567715012
3056	3.55143564811773
3057	3.55143561910433
3058	3.5514355901099
3059	3.55143556113441
3060	3.55143553217786
3061	3.55143550324023
3062	3.55143547432149
3063	3.55143544542162
3064	3.55143541654061
3065	3.55143538767845
3066	3.5514353588351
3067	3.55143533001056
3068	3.5514353012048
3069	3.5514352724178
3070	3.55143524364956
3071	3.55143521490004
3072	3.55143518616923
3073	3.55143515745712
3074	3.55143512876368
3075	3.5514351000889
3076	3.55143507143276
3077	3.55143504279523
3078	3.55143501417631
3079	3.55143498557597
3080	3.5514349569942
3081	3.55143492843098
3082	3.55143489988628
3083	3.5514348713601
3084	3.55143484285241
3085	3.55143481436319
3086	3.55143478589243
3087	3.55143475744012
3088	3.55143472900622
3089	3.55143470059073
3090	3.55143467219362
3091	3.55143464381488
3092	3.5514346154545
3093	3.55143458711244
3094	3.5514345587887
3095	3.55143453048326
3096	3.55143450219609
3097	3.55143447392719
3098	3.55143444567653
3099	3.5514344174441
3100	3.55143438922987
3101	3.55143436103384
3102	3.55143433285598
3103	3.55143430469627
3104	3.55143427655471
3105	3.55143424843126
3106	3.55143422032592
3107	3.55143419223867
3108	3.55143416416948
3109	3.55143413611834
3110	3.55143410808524
3111	3.55143408007015
3112	3.55143405207306
3113	3.55143402409396
3114	3.55143399613282
3115	3.55143396818962
3116	3.55143394026435
3117	3.551433912357
3118	3.55143388446754
3119	3.55143385659596
3120	3.55143382874224
3121	3.55143380090636
3122	3.55143377308831
3123	3.55143374528807
3124	3.55143371750562
3125	3.55143368974095
3126	3.55143366199403
3127	3.55143363426486
3128	3.55143360655341
3129	3.55143357885966
3130	3.55143355118361
3131	3.55143352352523
3132	3.5514334958845
3133	3.55143346826142
3134	3.55143344065595
3135	3.5514334130681
3136	3.55143338549783
3137	3.55143335794513
3138	3.55143333040999
3139	3.55143330289238
3140	3.5514332753923
3141	3.55143324790973
3142	3.55143322044464
3143	3.55143319299702
3144	3.55143316556686
3145	3.55143313815413
3146	3.55143311075883
3147	3.55143308338093
3148	3.55143305602042
3149	3.55143302867728
3150	3.5514330013515
3151	3.55143297404305
3152	3.55143294675193
3153	3.55143291947812
3154	3.55143289222159
3155	3.55143286498233
3156	3.55143283776034
3157	3.55143281055558
3158	3.55143278336804
3159	3.55143275619772
3160	3.55143272904458
3161	3.55143270190862
3162	3.55143267478982
3163	3.55143264768816
3164	3.55143262060362
3165	3.55143259353619
3166	3.55143256648586
3167	3.55143253945261
3168	3.55143251243641
3169	3.55143248543727
3170	3.55143245845515
3171	3.55143243149004
3172	3.55143240454193
3173	3.5514323776108
3174	3.55143235069663
3175	3.55143232379941
3176	3.55143229691913
3177	3.55143227005576
3178	3.55143224320929
3179	3.55143221637971
3180	3.551432189567
3181	3.55143216277113
3182	3.55143213599211
3183	3.55143210922991
3184	3.55143208248451
3185	3.5514320557559
3186	3.55143202904406
3187	3.55143200234898
3188	3.55143197567065
3189	3.55143194900904
3190	3.55143192236414
3191	3.55143189573593
3192	3.55143186912441
3193	3.55143184252954
3194	3.55143181595133
3195	3.55143178938975
3196	3.55143176284478
3197	3.55143173631642
3198	3.55143170980464
3199	3.55143168330943
3200	3.55143165683077
3201	3.55143163036866
3202	3.55143160392307
3203	3.55143157749398
3204	3.55143155108139
3205	3.55143152468527
3206	3.55143149830562
3207	3.55143147194241
3208	3.55143144559563
3209	3.55143141926527
3210	3.55143139295131
3211	3.55143136665373
3212	3.55143134037253
3213	3.55143131410767
3214	3.55143128785916
3215	3.55143126162697
3216	3.55143123541109
3217	3.5514312092115
3218	3.55143118302819
3219	3.55143115686114
3220	3.55143113071034
3221	3.55143110457577
3222	3.55143107845742
3223	3.55143105235528
3224	3.55143102626932
3225	3.55143100019953
3226	3.5514309741459
3227	3.55143094810841
3228	3.55143092208705
3229	3.5514308960818
3230	3.55143087009265
3231	3.55143084411958
3232	3.55143081816258
3233	3.55143079222163
3234	3.55143076629672
3235	3.55143074038783
3236	3.55143071449495
3237	3.55143068861807
3238	3.55143066275716
3239	3.55143063691221
3240	3.55143061108322
3241	3.55143058527015
3242	3.55143055947301
3243	3.55143053369177
3244	3.55143050792642
3245	3.55143048217695
3246	3.55143045644334
3247	3.55143043072557
3248	3.55143040502363
3249	3.55143037933751
3250	3.55143035366719
3251	3.55143032801266
3252	3.55143030237391
3253	3.55143027675091
3254	3.55143025114365
3255	3.55143022555213
3256	3.55143019997631
3257	3.5514301744162
3258	3.55143014887178
3259	3.55143012334302
3260	3.55143009782993
3261	3.55143007233247
3262	3.55143004685065
3263	3.55143002138444
3264	3.55142999593382
3265	3.5514299704988
3266	3.55142994507934
3267	3.55142991967544
3268	3.55142989428708
3269	3.55142986891425
3270	3.55142984355694
3271	3.55142981821512
3272	3.55142979288879
3273	3.55142976757793
3274	3.55142974228253
3275	3.55142971700257
3276	3.55142969173804
3277	3.55142966648892
3278	3.55142964125521
3279	3.55142961603688
3280	3.55142959083392
3281	3.55142956564632
3282	3.55142954047407
3283	3.55142951531714
3284	3.55142949017553
3285	3.55142946504923
3286	3.55142943993821
3287	3.55142941484247
3288	3.55142938976199
3289	3.55142936469675
3290	3.55142933964675
3291	3.55142931461196
3292	3.55142928959238
3293	3.55142926458799
3294	3.55142923959878
3295	3.55142921462473
3296	3.55142918966583
3297	3.55142916472207
3298	3.55142913979343
3299	3.55142911487989
3300	3.55142908998146
